00000000000000010100000010110111
00000000000000001001000100110111 
01000000001000001000000100110011
00000000010000010101000110010011 
00000000001100001101001000110011 
00000000001000011000001001100011
00000000000000010011001010010111
00000000010000101000001100110011
00001000010000110001001100010011
00000001000000000000010101101111
01000000010000110101001100010011
00000000010100110111001110110011
00001111110000111010010000010011
00000000000000110111010010110111
00001111000001001111010010010011
00000000100100111010010000100011
00000000000000000000000000110011
00000000000000000000000000110011
00000000000000000000000000110011
00000000000000000000000000110011
00000000000000000000000000110011
00000000000000000000000000110011
00000000000000000000000000110011
00000000000000000000000000110011
00000000000000000000000000110011
00000000000000000000000000110011
00000000000000000000000000110011
00000000000000000000000000110011
00000000000000000000000000110011
00000000000000000000000000110011
00000000000000000000000000110011
00000000000000000000000000110011
00000000000000000000000000110011
00000000000000000000000000110011
00000000000000000000000000110011
00000000000000000000000000110011
00000000000000000000000000110011
00000000000000000000000000110011
00000000000000000000000000110011
00000000000000000000000000110011
00000000000000000000000000110011
00000000000000000000000000110011
00000000000000000000000000110011
00000000000000000000000000110011
00000000000000000000000000110011
00000000000000000000000000110011
00000000000000000000000000110011
00000000000000000000000000110011
00000000000000000000000000110011
00000000000000000000000000110011
00000000000000000000000000110011
00000000000000000000000000110011
00000000000000000000000000110011
00000000000000000000000000110011
00000000000000000000000000110011
00000000000000000000000000110011
00000000000000000000000000110011
00000000000000000000000000110011
00000000000000000000000000110011
00000000000000000000000000110011
00000000000000000000000000110011
00000000000000000000000000110011
00000000000000000000000000110011
00000000000000000000000000110011
00000000000000000000000000110011
00000000000000000000000000110011
00000000000000000000000000110011
00000000000000000000000000110011
00000000000000000000000000110011
00000000000000000000000000110011
00000000000000000000000000110011
00000000000000000000000000110011
00000000000000000000000000110011
00000000000000000000000000110011
00000000000000000000000000110011
00000000000000000000000000110011
00000000000000000000000000110011
00000000000000000000000000110011
00000000000000000000000000110011
00000000000000000000000000110011
00000000000000000000000000110011
00000000000000000000000000110011
00000000000000000000000000110011
00000000000000000000000000110011
00000000000000000000000000110011
00000000000000000000000000110011
00000000000000000000000000110011
00000000000000000000000000110011
00000000000000000000000000110011
00000000000000000000000000110011
00000000000000000000000000110011
00000000000000000000000000110011
00000000000000000000000000110011
00000000000000000000000000110011
00000000000000000000000000110011
00000000000000000000000000110011
00000000000000000000000000110011
00000000000000000000000000110011
00000000000000000000000000110011
00000000000000000000000000110011
00000000000000000000000000110011
00000000000000000000000000110011
00000000000000000000000000110011
00000000000000000000000000110011
00000000000000000000000000110011
00000000000000000000000000110011
00000000000000000000000000110011
00000000000000000000000000110011
00000000000000000000000000110011
00000000000000000000000000110011
00000000000000000000000000110011
00000000000000000000000000110011
00000000000000000000000000110011
00000000000000000000000000110011
00000000000000000000000000110011
00000000000000000000000000110011
00000000000000000000000000110011
00000000000000000000000000110011
00000000000000000000000000110011
00000000000000000000000000110011
00000000000000000000000000110011
00000000000000000000000000110011
00000000000000000000000000110011
00000000000000000000000000110011
00000000000000000000000000110011
00000000000000000000000000110011
00000000000000000000000000110011
00000000000000000000000000110011